43645816
2394379
114701607
81467673
199262429
73832768
8236056
152871165
27583882
38706431
94549931
227982692
45334811
60259028
71947971
162388276
15276235
69664789
47489502
121405227
17905830
237355002
186978836
41263775
97776141
41822437
63135578
889932
26558278
135151675
80648908
5561881
9779351
33829862
6457784
16501680
1654390
8571000
206005266
30336945
5203853
18627126
3854292
1862490
51247796
82693361
5208822
57401572
43098270
55800992
63947141
88019930
13873695
40976537
73270880
148862443
265127043
49574503
1091655
1467919
31784428
98556534
125498620
50309640
103437385
28892813
213687575
151122650
38829639
12959153
9652998
48789600
184569540
1767898
48295629
32139352
47929285
14281911
146223479
111433118
915029
161652302
5449213
13719326
70778375
74409326
21996028
229869608
36107965
26644682
159218865
206318
103694377
42089429
170136874
65441815
32472801
28963937
7616158
65606855
33024207
32445517
110584604
87212987
4157021
35515269
2684727
12356701
1862492
3086072
67262828
165758293
85416181
257335962
3113319
197791400
9667687
4470435
125381655
209731679
172187
121514433
4685138
94255167
174633794
129093497
60561103
5915204
153274035
43952556
18997610
141591175
44646140
9340593
216898288
89212553
49420416
12343833
173756598
185576294
155675451
3943387
536958
13796699
80362083
12414592
140260316
72737456
171116174
107511723
2280644
39726618
62303580
32803313
2996995
155886348
133448635
80383682
132454935
90501128
7767145
101650961
57040975
6271421
185821779
130898702
37318294
84880723
156962326
36014107
49896881
61882336
87869865
91984923
40762184
3114475
25979437
53438686
65266635
86398553
48053234
158468074
10410163
846296
8483862
67934497
2425139
181519091
218396611
224235390
42725725
37631091
146525109
3456296
3900538
11525787
75718771
169815639
66666501
169146883
