100035986
100086904
100218123
10035739
100388774
100407794
100464616
100544309
1006123
100677440
10075325
100808500
100928537
101086314
101179084
101264180
101408117
1014623
101559429
10172073
101884957
101970978
102047648
102093756
102143456
102274375
102341886
1024699
102583752
102614080
102705073
1028034
10285025
10288749
10300045
103035
10311319
103155862
103286363
103328683
103464837
103560333
103613782
103653841
103698172
103764705
10400052
104094274
104152070
10422484
104316906
10448161
104516152
1045976
104705553
10472781
104779833
104889165
104999768
105079548
1050944
105195850
10522020
105269391
10532531
10553586
105571183
105662144
105770301
105860078
105987593
10605000
10610797
106220562
106404296
10646587
10663360
106730885
106813148
106841635
106979588
107095945
107150826
107254605
107325380
10737956
107437722
107473189
107542443
1076094
107655600
107729923
107785408
107873649
107932176
10806441
108180205
10828921
108538904
108579191
108730056
1088796
108987781
109116423
1091655
109259109
109329697
10937119
109413088
109554170
10971357
109774858
10984947
109986674
110099034
110164590
11036770
110454850
110686293
110826170
110988186
111090962
11125589
11140459
111445552
11161563
111669949
111703773
111811015
1118699
11198387
112101025
11217397
11226198
11236015
112444990
112628388
112785414
112941183
112984186
113079801
113222463
11335237
113380752
113428293
113563925
113597875
113689042
113771986
113899964
114149111
114262958
114312965
114489910
11452433
114619810
114670393
114701607
11479356
114928169
11500828
115072985
115260386
115371169
11543691
11553940
11558041
115604783
115777140
11585818
116011653
116109319
116160086
116228237
1163141
1164965
116547
11658921
11666990
11673895
11683979
11695624
117019016
117076526
117128136
117200555
117256380
117357780
117474465
1176274
117711019
117949407
11799031
1181284
118198720
11830269
118421344
118478361
11857228
118738606
118787197
118866992
118998719
119147365
119258092
1194243
119531923
119644903
119737924
119819447
119921993
119975005
12002935
120152712
120310124
120436684
1204957
120580458
12061606
120756407
120829698
120970441
121151622
121230866
121320887
121405227
12151814
121694310
122078259
122246958
122429896
122494549
12255838
122628585
122711080
122852176
122918493
122966748
12304596
123178569
123233499
123340956
123532715
123649054
123788136
123949037
124004218
12414592
124245472
1244027
12453634
12473833
124800527
12485907
124869132
124923731
12504536
1251091
1251538
12520014
125371981
125417291
125498620
125550262
12561697
125645968
125752732
125817998
12587918
125942409
126131240
126316912
126439064
12652338
12666574
126825296
126886615
1270309
127160868
1273791
1274332
127546760
12768312
127820537
127918464
128018428
128056094
128219123
128309964
12849994
12854207
1287669
12901602
129100096
129169685
129207304
129259201
12939200
129493743
12953256
12963511
12974177
129848791
129972128
130200142
130308047
130383787
130492560
13062062
130720730
13075106
130808918
130912988
13105692
131105127
1312627
131336637
13139604
131561161
131759992
13191344
1320181
132126497
13218559
13236207
13240419
132573384
132620967
132733058
1328283
132952801
133025905
133145968
13322751
133381280
133448635
13353426
13363575
13369644
1337797
13383431
133914124
1341207
134160731
13424587
134390462
134503849
134616422
134724121
13486560
134901097
13498449
1350993
135174794
135262635
135332674
135373704
135513706
135676228
1358036
135922312
135978112
1361294
1362234
136395597
136463642
136544584
1365699
136723677
13687370
136962671
137041394
13736359
13745124
137565180
137728458
137771260
1379319
138123418
138216750
138315669
138623536
13870893
138787569
1389172
13899
13907695
139111229
139242712
139344139
13970820
139879729
139940514
140073232
140260316
14043412
1406218
140791705
140874933
14106147
141169138
141299179
14135471
14145700
141550213
141626961
14173210
141891951
142037766
142141420
142195981
1424783
142758232
14281190
142944814
143078890
143249569
143324400
14340523
143691055
143744066
143836525
143909323
143960133
144020195
144251992
144361208
144524134
14469879
144740389
144918163
145032308
14509169
145134450
145256500
14538599
145452341
14567924
14581444
145875
145957544
146009627
14615932
146285827
146386097
146510094
146578832
146633589
146924987
146983529
14714017
147324252
1473579
147515984
1475915
147622875
14775640
147911191
14795578
147999347
1481910
148398884
1484463
148496687
14865444
14882085
148915786
14894883
149235066
1493029
1495584
149604731
149647886
149694816
149736342
149851179
149970281
150133859
150292534
150363647
15042909
150573009
150668624
15070661
15090649
15104745
151122650
151258081
15137325
151471167
151583278
151746922
152002724
152134
152242718
152358305
1526495
152812
152877991
1529680
15303802
15312233
15322863
153278268
15347941
153608306
153720329
15388765
154099498
154253610
154510460
1547148
15491874
1550174
15523927
155367310
1554165
15555290
155675451
155883728
15590229
15596189
156245499
156416177
156606443
156706507
156833788
15693035
157079901
157273136
157370190
157534056
157572651
1577630
157827731
157912475
1579936
15802014
158126654
158186574
158267213
158331158
15845284
158543059
15861701
15878497
1589946
159189646
15928650
159454491
15951171
15958676
15979754
15997656
1601209
160219599
1603277
1604565
16057180
16077092
160901526
160934908
161005
161138654
16121108
161317975
161444854
16156598
1616402
161654269
161790867
16189524
161975359
162051749
162297452
162455350
162548942
162657716
1628050
162913798
163078506
163179422
16336212
163399836
163514144
16362540
16368712
16381579
16391713
164034455
164079951
164113249
16429916
16433054
16442741
1644710
164546163
16460789
16471584
16481293
164962081
16501680
16516859
165370485
165543540
165674292
1658141
16594787
166023376
166116543
166324888
166411274
16660401
166636413
16687794
167005003
167107390
1672467
167412136
167492840
167634307
16791473
16811502
168419532
168535
1688262
16891404
169045197
169146883
169292412
16942067
16947368
169697931
169761438
169815639
169934394
17025957
170412315
17054757
170604542
170829387
171042873
1711412
171409385
171643056
17182007
17194860
172115221
17224385
172448626
172513597
17272993
17278009
17298162
173142957
173306807
173355506
173468970
17363232
173833378
17403485
174098511
174202612
174306645
174353676
174398263
17455532
17488986
175026830
175062989
175193018
17537835
175544925
175769409
175889566
17612803
17621324
176291010
17670446
1767567
1768088
1768380
17714013
177212349
1772863
177560704
17775087
17799877
178169608
1783083
17835696
178461625
17856644
178845642
17898911
17919097
17953190
17959249
17971138
17987394
17994739
180337008
180588003
18093759
1810705
18114836
181322928
181421086
18150497
18154401
181840596
18194625
18202815
18213453
18242149
18259510
182842409
1830414
183285709
18339070
183523285
183579037
18369808
18379456
183933015
184033608
18415532
184285250
18442381
184496771
184604
184650438
18495485
18511687
185188267
185267261
185475705
18559877
185739179
185871137
1862490
186282860
186387230
186525996
18672634
186978836
187195345
187556247
187595602
187767967
187845287
187972412
188081982
188229074
18830102
188402392
188592933
188644064
18894744
189012247
18912218
18942355
189556566
189742652
189845277
190100311
19024198
190335075
19062268
190686426
19076996
19097773
1913648
191478424
19169174
19182176
192457111
1925457
19270555
192942452
193085253
1931685
193500053
19361874
19370824
193945625
194234746
1944249
19458722
194726816
19482426
195077933
195232251
195288202
19537685
195506596
195708935
19603587
19624760
19638422
19685642
197006279
19715233
1973010
19739444
19759384
197791400
19802105
198181508
198220069
1982584
1984080
19863325
198884888
199262429
199431217
199626064
199829201
200044570
200121
200492090
200642013
20076963
20089859
201021482
201179882
20126854
201327708
201427469
20171642
20186069
20213217
202309300
202455971
20249391
20281385
20320123
20332528
20354740
2036666
2038852
20415251
20433978
204463745
204591382
20473418
205042001
20522047
20544243
2055952
205733669
2057739
205819560
206073932
2061716
206320
206350
206398
206414745
206444
206459
206483
206633
20673421
20701467
20710724
207457953
207726223
2079469
20812119
208317627
20855247
20882897
20893538
209076507
20936653
209484041
209731679
209830490
20990716
2101910
210292685
210568703
210933087
211099032
2112231
21153865
2118259
21193524
212300461
21242302
21257044
21267129
212938936
213337
21357013
2136477
213687575
213825606
21394954
21427154
2144321
21477166
21500212
215394390
2155500
215680638
215881965
216000802
21621670
21636061
216840838
21691061
217157573
2173227
217479559
21770648
21788064
21813926
2185113
21861588
218804581
21907146
21919832
2192825
2195909
2197202
219850
21993347
22027221
22080403
22102786
22121632
22165604
221992547
22241929
22252491
22256861
222710815
22318767
223421707
223551095
22395060
224065909
22424494
224353263
224557146
224846645
225207
2254581
22574511
2259237
226364580
226861344
227131980
2272670
22760763
22794824
22815625
22829409
228579174
22882266
22910855
22944710
229560773
229738
229913994
23020824
230430206
2306348
230760808
23095954
23123512
231519592
2316200
231990
232306581
23254327
232697780
23304527
23338118
2335594
23374263
23418517
23441735
234816965
2349183
23502577
235406671
2357859
235979171
23626591
2364987
23703244
23737510
23750297
237920
23813803
23878754
23907761
23930639
23956049
2397476
24005183
2403733
240468
240818625
24095382
24137102
2416378
2424377
24283381
24338315
24363680
243875832
24405282
2442452
24468283
2449032
24503341
24558581
246041169
24641218
24653868
24676715
2470704
2474070
247595825
2477847
2479886
24834448
24880683
24886295
2491679
249609964
249842163
2499961
25021196
25040159
25088312
25121397
251477582
25156526
25213631
25239318
253251724
25345877
2536041
254264048
25453552
2548552
25546146
25573672
25603410
25623942
2564522
25706873
25732604
2576064
25808536
25873783
25889832
25916153
25962820
259929534
26027834
26072381
26094155
26127972
26163430
261751286
261970003
2624179
26282952
26311068
26347416
26408956
26442054
2647335
2651891
26554573
26574771
266285061
26644682
26662929
26669439
267134885
26727938
26768771
2681994
2685841
26873147
26904455
2693213
26951043
26958185
27013933
27064201
27099588
27135253
27191143
27207708
27244573
27323134
27392543
2740607
27460436
27507850
27534295
27590439
276117258
27674753
27715709
27764873
27790789
27824737
27873784
2791813
2797978
27989980
28064538
28086563
28146647
28178086
2819986
2827764
28325219
2836228
28450866
28505345
28546707
28565575
28598239
28691699
28745639
28772513
288079
28835543
28858344
28896975
2893108
28970369
28991592
29027682
29060759
2911132
29140204
2916790
29235999
2928039
29349352
293812
29406271
29479059
2948949
29582902
29608496
29703871
29740615
29774200
298328
2988709
29888015
29903688
29918398
29952888
29969855
29993866
30008535
30073725
30124869
30182457
30258802
3028163
30336945
30405521
30422535
30449481
3050780
3052688
30567918
3061876
30644093
30702818
30764444
30822986
3086072
30895957
30947668
30956727
30957532
3102907
31117630
3116751
31214867
31282010
31323673
31356321
31415856
31481933
315033
31604621
31650129
31696454
31766535
31788540
31836491
31906424
31924536
31935307
31989343
320367
32083811
32104835
32139352
32177955
32199895
32216000
3223269
32253655
32311287
32333558
32377028
32403249
32437859
32447005
32463056
32488797
32498781
32516197
32535364
32568128
32634272
32677360
3273720
327472
32784502
32796510
32819066
32848140
32884360
32935706
32944108
32972125
33015857
33052737
33082868
33125888
33147632
33194850
33272606
33319794
3333998
3337772
33401991
33469584
33500369
33547254
33591418
33645537
33675294
3375991
33776978
33813213
33829862
33856324
33903657
33957901
3398614
34039690
3407114
34112580
3415743
34206566
3423262
3429525
3432124
34339216
34383946
3440013
34430581
3444675
3449807
34533675
34568856
3458429
34633211
34685629
3471752
3477759
34813674
3484241
34911426
34951729
34997568
35107906
35132359
35152638
35204049
35224085
35240600
3526892
35303409
35370551
35449960
35483832
35515269
3555504
35592079
35617147
35662043
35689778
35725078
35772318
35814909
358370
35868722
35890978
35917780
35973998
36039997
36057260
36094718
36122396
36174393
36268631
36288389
36352008
36372567
3641311
3645037
36483902
36518071
3655926
3657930
36614714
36657331
36725014
36781255
36812061
36827833
36870975
3690150
3694329
36960637
37063524
37128954
37147644
3716960
3722315
3726486
37293168
3732883
3742443
3744706
37485046
3750999
37631091
3765814
37717709
37775708
3781210
37817790
3787360
3798663
38078052
38108174
38182304
38254684
38307688
3833897
3839218
38443009
38484146
38562251
3859251
3865446
38706431
38732107
38829639
3885169
38935102
38952211
39006243
39075884
3913468
39175817
39198986
39244945
39285768
39342898
3937364
39381014
39412278
394387
39477878
39526634
39583456
39705783
39748950
3978781
3986627
39889599
39910458
3996100
40001904
40052051
40101342
40141672
40182023
40213809
4024302
4031229
40345131
40405884
40510168
40541952
4057303
40616171
40695309
40735368
40763113
40808092
4086423
40961773
40998919
41047231
41091157
4112450
4117239
4125347
41263864
4129770
41327255
41351929
4138309
41414120
41467872
41547678
41627615
41633567
41688821
41742943
4180644
4182801
41930098
4195698
41985062
42046027
42057361
42109069
42171410
42191480
42251014
42273328
4233818
4242398
42446819
4248863
42548113
42585709
42622157
4265123
42678647
42725725
42751554
42776453
42810825
42866769
42914044
4298401
4298816
43027635
43088077
43105609
4315362
43246449
43287559
43326581
43357646
4338484
43409398
4348575
43504166
43548435
43591538
4368712
43734923
43826822
4387088
43913943
4398263
44013219
4406463
44133514
44169642
4421246
44263579
44322761
4437408
44431891
44453405
44512524
44565647
44603117
44646140
44723874
44796698
44835755
44863004
44934002
44977869
45026577
45100886
45165644
45225736
45257264
45340108
45396840
4544982
45477569
45506720
45527579
45634035
45682878
4570530
45755430
4581618
45860898
45931737
45970905
45986064
46000465
46035308
4605969
46072671
46121851
46181665
4622542
46297234
46344493
46398595
46414758
46450575
46489668
46527824
46555171
46615164
46648544
4668183
46714751
4676768
46795972
4685138
46900323
4695543
47021168
47058190
4713292
47161280
47219036
4726428
47317834
47342191
4738719
4741958
4744588
47502698
47529369
47580276
47607561
47723400
47790264
47840491
47873486
47923936
4797319
4805389
4810329
48155157
48183909
48203032
48295629
48337670
48366700
48402328
48430544
48454315
48520201
48556027
48583116
48614879
48654534
48699616
4877687
48804926
48878116
4889322
489859
49018889
49067019
4910671
49135503
49230474
4925395
49359743
49391150
49445030
49473421
49517364
49564270
49620246
49670957
49688312
49742019
49798885
49871069
49896881
49943894
49961489
50041690
500806
50105719
5012085
50157836
502000
50244301
50300127
50372538
50430650
50502309
5054234
50571610
5061371
50679300
50726840
50765065
5084932
50872805
50904245
50951613
51016215
51074108
51104384
51214397
51262014
51291746
51307359
51400982
51441531
51498833
51536707
51592804
51700398
51724669
51754367
51787752
51848128
51906847
5194874
51960935
52025119
52079532
52095301
52139656
52151431
52228869
5225735
5239065
5243237
52451139
52507351
525255
52589659
526139
5264820
52679228
5279091
52834791
52853557
52950448
52999284
53054065
53088165
5320077
53246590
53288089
533032
53367115
53438686
5349536
53511222
53566183
53592496
53684862
53703548
537800
53846545
53932231
5396680
54034223
54064354
54088253
54135763
5418564
54231507
5426789
54311516
54438413
54492045
5455441
5455483
54595273
54650297
5473913
54821190
54854741
54903613
5495723
54995528
55092090
551254
55164975
55224431
55265221
55332995
55405035
55498563
55520127
5561881
55705999
55768282
55874962
55912872
55970511
56003499
56037404
56089333
56131670
5615967
5622726
5626414
56342003
56359101
5643380
56540815
56585217
5661262
56670932
56690117
56729247
5674787
56791509
5686301
56988303
57064024
57081740
57125528
57194230
5726012
57338026
5745625
5754848
578435
5793738
5796756
57997098
58135054
58163050
58203049
58224198
58282625
58314354
58370373
58413602
58463769
58591901
58682610
58734918
58767125
58892507
58952547
5900702
590532
59118773
59166469
5925560
59326989
59504997
59553587
59681438
5973879
59800365
59881768
59970637
5999841
60094068
60131932
60179659
60240214
60270542
60350172
60384641
60435184
60524334
60573613
60642785
60648874
60701545
60758239
60783603
6084210
60913395
60940117
60982325
6114161
6123437
61303293
61433804
61523190
6157458
61638949
61703365
6172406
61747796
618103
61857466
61879415
61968968
620505
62104898
62144290
62161266
62246133
62282525
62373731
62426066
62569629
62612367
62640065
62700410
6278839
62823867
62914175
62970529
63085918
63135578
63226307
6331476
63377572
63452341
63527700
6354623
6358188
63689332
63749548
63881913
63931184
64025178
64151177
64203431
64257587
64314375
6434628
64405938
6444116
64510591
64558143
64625768
64733500
64772578
64865857
64902062
6505114
65088801
65144978
65245890
65312676
65371147
65498366
65541750
65606855
657157
65812017
65931687
65973286
65987043
66027126
660443
66062805
66157799
6621718
6627230
66303306
6639766
66572810
66657283
667236
66814930
66862644
66918551
66956738
67030086
67053037
67109557
671892
67256778
67328052
67417531
67473511
67579957
67639251
67732760
67806778
67836637
67904710
67999496
68036856
68100331
68199747
68246414
68289398
68398311
6848534
68586699
68614547
68643971
6867673
68739393
68883930
68965963
6900541
69044045
6921975
69255078
69289646
69363264
69381318
69459090
6951233
69595482
69645155
69671133
6972004
69755813
69880796
70037033
70102533
70146477
70162405
7022775
7028076
7031510
7043506
70492026
70584705
70738287
70780002
70817233
70905504
70948568
71057302
71089550
71127071
71162914
711931
71230327
71328643
7137340
7144342
71499649
71576761
71651118
71725051
71792401
71840572
71876131
71972621
72017294
72129238
72188443
72222405
72283823
72403045
7243760
72495006
72586987
72659203
7272424
72737456
72795142
72836592
7286420
7292204
73000313
73056727
73097094
73185566
73236117
73282380
73354878
73419103
73478000
73535587
73634942
73767658
73840074
73936138
74035424
74059585
74145628
7416278
74169960
74217
74327735
74385593
74409326
7450263
74562982
74649126
74730037
7480345
74857438
74907921
74971299
75065038
75133570
75215830
75308714
75386501
75661534
7575297
75844570
75873961
75893370
75941229
75985902
76093141
76160515
76198055
7623114
76279202
76332085
763770
76405311
76488267
76591624
76634121
76684197
76684425
7676364
7695110
77030088
7710120
77145569
7723306
7729948
77321473
77403831
77455386
7748336
7762720
7767313
777444
77809403
77838408
78016530
78070391
78162952
7823906
78306233
78372835
7842918
78556475
78670243
78753723
78774547
78842132
78868092
78946145
79060427
79096342
7914484
79209085
79266038
793164
79360334
79467343
79514986
79602914
7968180
79723681
79750743
79946335
80027205
80087888
80161946
80207578
80229651
8031741
80362083
80383682
80485636
80504703
80563893
80633575
80644284
80792932
80868140
80898327
81016276
81057842
81102965
81143147
81173322
81201685
81304886
81368488
8139882
81464391
8147920
81587412
81649451
81678042
8176370
8188105
81932909
82007769
8204840
82179206
82304453
82384202
82468869
82595458
8262372
82693361
8279377
828909
8296012
83011130
83142122
8322886
832680
83414665
83583832
8369425
83811108
83883701
8397753
84065080
8411032
84210505
84286382
84315364
84382452
844592
84488372
84603051
84678166
8475355
8483862
8488249
84976265
85113353
85184501
8530120
854559
8560742
85686334
85710339
85760629
85795396
85860202
859322
8599516
860937
86108100
86230857
8629076
86325095
86398553
86422972
86535963
86653876
86711482
8680105
86871676
8693016
8706918
8715861
87269276
87336871
87402251
87455763
8752619
87583205
876766
8777778
87840586
87869865
8794298
88019930
88132125
88201676
88274548
88374068
88435530
8853829
88632627
88711981
88787780
88832698
88960
88985813
89067898
89129558
89188081
89208595
89221572
89239936
89302682
89435838
8953373
89607184
89676913
89730191
89791542
89956253
90016934
90043355
90135592
90198241
90249710
90330610
904044
90461984
90501128
90646801
906854
9078421
90847405
90886387
9096425
91026662
91104663
9120355
91324844
91375712
91478358
91546562
91581792
91595685
91683656
917362
917947
918574
9196478
92027307
92073011
92150440
922437
92312271
9239163
9248683
92601170
92632486
927454
9278888
9291388
92944959
92956570
93012016
930571
93181581
9327416
93314642
9342582
9349347
936063
93642073
93682788
93754068
9386489
93971355
94000641
94090559
94255167
9434210
944926
94570463
94637589
94749724
94803952
94986865
9502782
95187094
95226986
95282920
95374722
9545480
95474825
9553726
95603001
95752629
9580168
95896976
95958400
960343
960760
96121797
9619226
9634917
96467418
9650789
9652998
96573099
9665465
96774602
96905440
96970120
97025950
9706311
97115482
97231654
97306203
97484669
9754885
97573661
97621321
97664518
97776141
97935002
98026470
9812178
9818626
98270619
98396630
98490554
98639195
98805906
98876601
990281
9909566
99161825
992012
99244131
993994
99449332
9953682
99666045
99695762
99796571
99997703
