100021742
100077276
10016717
100295611
100366560
100402355
100418846
100522769
100600744
10065023
100716846
10079780
100874896
101047757
10116915
101231823
101401522
10144081
101495687
101650961
1017889
10195984
102026692
102089663
102138890
102268868
102328857
102452115
1025574
102608940
10269178
10277647
102846466
10288113
102960162
103027757
103109633
1031515
103259097
10329619
103437385
103558693
103604931
103630840
103694377
103760642
103989411
104092353
104141068
104217624
10429628
10445803
104515879
10459637
104691408
10472733
104770714
104883492
104984928
10503489
105094044
10514209
105218129
105238970
105288171
10550221
105563335
10566148
1057490
105860042
10597460
106042361
10609318
106213935
10637895
106459683
106613119
106681970
106811067
1068402
10692925
107071531
10711220
107220808
107304223
107375180
107436391
10746583
107536049
107591789
10762348
10772221
1077753
107872025
107930307
10805187
1081751
10820374
108511089
10856630
108706261
108854086
108986590
1090553
109154869
109246147
109327955
109365871
109401796
10953866
109667968
109754107
10983382
109917787
110054572
110129066
110344150
110449600
110584604
11074539
1109529
111042175
111107245
111391133
11144122
11159652
11164718
111698811
11179945
111854037
111972694
112094343
112128651
112254161
11233417
112437215
112582752
11275102
11290309
112975556
11304845
113194597
11334016
113375834
113425021
113554956
113597154
113678320
113727261
113878762
11397182
11416570
11429654
1144623
114520717
11461895
114649434
114698912
114789714
114886091
1149947
115063846
11525787
115315431
11543457
115516500
115569790
1156021
11566581
115838569
115956753
11608365
11614244
116210732
116309308
116402868
116522300
1165813
11664357
116714930
116798721
11694419
11700816
117060928
11711223
11719739
117255089
117353090
117452304
117598163
11769277
117915559
117978265
118104847
11816589
118261543
118375319
118477931
118570108
118737633
118782609
118824988
118963036
119123174
11919447
1193862
1195109
119633513
119727871
11976306
119891417
11993995
120005344
12008679
120274146
120417004
120487379
120578437
120606464
1206855
120780458
120961330
121110666
121218280
121312281
121391917
121514433
121672
12204684
122194961
122426901
12246820
122529106
122583771
122696956
122794079
122909761
122966349
12299794
1231687
123195802
123335926
123463973
123618046
123712995
123822761
124001998
124140585
124235951
124397000
124518729
124698942
124775013
12485637
124864129
124900009
125030262
12508001
125133410
12518614
125332958
125381655
125472394
12554530
125602657
125640293
125707710
125814700
125843963
12593159
126022604
126275473
1263661
126522483
126665656
126785618
126875323
127004420
127102257
127346527
127408313
127518477
127623072
127777820
127906883
12796568
128030682
128191219
128294
12847265
128535513
128753992
128915122
129093497
129126757
129196583
129255460
1293378
129463208
129508952
12962336
129740723
12983151
129954828
130195883
13028147
130363261
130481756
130603282
130709430
13073335
130775855
130898702
131024664
13107807
131246500
131297762
13137355
131537435
131745127
131884789
131964676
132102082
13217403
1322545
132376292
132565379
132609722
13272929
132811956
132938098
133022875
133134007
1332011
133357466
133447770
133533106
13357953
133665895
1337781
13380298
13385254
134072135
134147639
134236467
134362666
134469679
134601948
13471496
134843777
134900749
134973177
13505122
135151675
135256100
135289655
135369996
1354219
135579677
135796936
13590591
135972985
136035670
13621351
136324618
136447306
1365306
136567454
136678045
1368680
136938960
13703429
13719326
137445556
137528592
137728198
137762067
137843879
138077755
1381874
138269161
138608373
13869700
1387581
138907954
138967647
1390520
13910968
13923694
13933675
13968244
1397974
139927346
140017338
140255413
1404216
14057993
14068061
14083998
14105280
141151532
141270248
14135469
14142718
141513537
141591175
141680627
14179154
14202062
14212940
142194679
14247776
142747385
14279760
14290433
14305692
143201223
143296627
14339501
143681096
14372507
143824400
143891340
143955196
14401179
14422403
1443269
144457010
1446919
144737388
14490363
1450115
145080847
145126556
145233455
1452945
145424401
145659250
14573998
145862721
1459400
146007026
14612017
146223479
1463490
146503569
146574601
14661616
146856200
1469749
147102058
14718267
14734876
147515517
14755049
147608979
147747963
147809547
14793007
147984736
148116142
148370332
148428318
148480967
148617498
148813146
148886237
14892701
14920951
149281309
149511
14960307
149641877
14969366
149732116
149815623
14996402
15012247
15026183
15032904
150411824
150561722
150632370
15070657
15078952
150938406
151120862
151233646
15133047
151435201
15158202
151625754
15199543
15209448
152217753
152350105
152559710
15276235
152871165
15293721
153022185
153088484
153224042
153274035
153314760
153603492
153720290
153881635
15403409
154246246
154414016
154647700
1548514
154974836
155195958
155342006
155383451
15554335
15566188
1558503
15590153
155961075
15611804
156408389
156601203
156655880
1568008
156927857
15698466
15722026
15729898
15751803
157569792
157695023
15779685
157902250
1579900
15801780
1581151
158166592
158256479
15831475
158452696
1585278
158588129
15870646
158992067
15913767
1592475
159422409
15950995
159544942
1597325
159966756
16006160
16021499
160304314
1603876
1605107
160760515
1608936
160931942
160999
161133770
161180
1613090
16144428
161493518
161629108
161652302
161789930
16185077
1619733
16204287
162272754
162389327
162538669
162648398
162700032
162897877
16294920
163147839
163244687
16338894
163474295
16362494
163652398
163808152
16390035
1639726
1640502
1641128
16425010
16432662
164421483
16446099
16453755
16458851
1647022
16479425
16492034
165012876
16511407
165292138
16547484
165671355
165787430
165869297
165997095
16611556
166323982
166396744
166602376
166629127
166837677
166984581
16709910
167216638
167330257
167468844
1676303
167839264
16810766
16841282
168531964
168665843
16888619
169045057
1691340
169246391
169410903
16946884
169665962
169711172
169802047
169928
170136874
17034809
170496871
170586975
1707059
17090302
171132936
17132838
171638792
17170044
17188215
172090523
17224370
1724015
17250332
17270540
172750723
17288475
17310686
173230987
173348603
17342981
173572330
173782146
174011880
174097909
174185245
17430117
17432029
174373244
17452733
17477111
174912738
175055878
17517521
175376
175482179
17575379
17586846
175961394
176206805
17627721
17662022
1767458
1767898
176837289
177104472
177207682
1772795
177547877
177745239
17794452
178064729
1783046
178313880
1784501
178518612
178830383
17895094
17912611
179502880
1795594
17971137
179849363
179925476
180317496
180537027
180834808
18106767
18111614
181286172
1814028
18146125
181527588
181777958
181888758
182006329
18208577
18227906
18259368
182813463
18298933
18322758
183382310
18347965
18355892
18367810
18375032
1839196
18403266
18409234
184265896
184386453
184477043
184603374
18463354
18490225
18506893
185170825
185263418
185394887
18559131
18570156
185828241
186128056
18627258
1863627
18646035
1867246
186955716
187124580
18749529
18759272
187765477
1878370
187946264
188058370
188228592
188292946
18831720
188574042
188643956
188857939
189010032
18910111
189356507
18948102
189734293
189841989
19008038
190209753
190303335
19060490
19067639
190718318
19097627
191232069
19147361
19163443
19181491
192381473
192537952
19260719
192931477
19308274
19314283
1933490
193582925
19368221
19394307
19419350
19436066
194586350
1946637
19481229
195009151
195192171
1952675
195330123
19547790
195650526
195936879
196205406
19634578
19684359
196973701
1971346
197277844
197364349
197569657
197782274
19789077
198181246
19821698
19825381
19836152
198569702
19888357
199046636
19937094
19961085
19980663
200004447
20007993
20046149
200620451
200725818
20087730
200980523
2011647
201204692
20129608
201420026
201655283
201843970
202089894
20227177
20236504
202482196
202672490
20303761
203282691
203381991
203595784
203830892
203975385
20433857
2044534
20456181
204709060
20501508
20521495
205407
20555659
20572012
20577351
205815601
206005266
20614852
206318
206346
206366
206403
206437
20645540
206482
206632
206686299
20687990
20707395
207384523
207567112
2078882
20811348
208270825
20844705
20874043
20893448
209012030
209204932
209464668
209677008
209813646
20989862
21003796
210288653
21052744
21089070
211090195
211175076
21148694
21182169
2119234
212184596
212382406
2125451
21266289
2128637
213330914
21352848
21363553
21367254
213777474
2139087
214200976
214418380
214744362
21499094
2153523
2155214
21563363
215805400
215950115
216204232
21634100
21668967
21690383
217054700
217311696
217419171
21765535
217849614
2180960
218396611
21860658
21873687
21894018
219180652
2192780
219454065
21970330
21980975
2199115
220262191
22062596
22095939
221155810
2213380
221881722
2221963
222514148
22254856
22269384
22305416
22337952
223482145
223898372
224061261
224235390
22430910
224537036
224764811
225191103
22542759
225625782
22589840
22614011
22661024
227063129
22725357
227543326
22790488
22809141
228257340
22835310
22880877
229095535
2293442
22948530
22970701
229869608
230080058
2304277
23062279
2306900
23092563
2311431
231349973
2316191
23192978
23229174
232481703
232664319
2329961
23330642
233552132
23360533
2341027
23437032
23479380
23491281
235013588
235076
235590282
23597915
23623214
236431478
23686634
237355002
23749387
23786714
23813195
238661958
239025775
23926754
23952595
23972840
23996364
240292120
240466
2406783
2408915
241224534
241565088
24224646
242737551
24335430
24352948
24384732
24404221
24417776
24459625
24478161
24503275
24556876
24587006
24635052
24652385
246677383
24691184
24729346
24758552
247748530
24787461
248283523
24855056
248828585
24892974
249420621
2497245
2499324
2501197
2503314
250721746
251068401
25138352
25156382
25206330
252293648
252902347
25345432
25359676
25405542
2544900
25467142
255292250
25569063
25598822
25623941
256297959
256981652
2572668
25740109
2580771
25858016
2588654
25904690
2595446
25979437
26024464
26065781
26090373
26125896
2614085
26172294
26193137
26238360
2626654
26308814
26344305
26403452
26424110
26461674
265127043
26525663
2656737
2660111
26633479
26653760
2666698
26698596
26727759
2675654
26810298
2684727
2686932
26902200
26921116
26949678
26956767
2698192
27062690
27098387
27135187
27187107
27202384
272398615
27292418
27377253
27404315
2742247
27503648
27533072
27583882
27610895
27653357
27700791
2776400
27789592
2782441
2784782
2789538
27958753
27988806
2804383
28075895
28138459
28176479
28194950
28275474
283187
28358565
2842372
28464672
28546353
2856208
28589967
2868402
2874089
28762536
28790580
2882681
2885102
28892813
28923365
28969897
28979951
29008657
29056247
29089479
29128975
2916228
29228340
29251742
2934254
29351988
29397553
29476598
29481791
29557376
29603649
29653587
29740272
29748259
29807428
2988686
2988725
2990192
29917907
2995118
29964541
2997701
30008530
3005042
30120639
30175591
30242992
30272363
30333472
30405191
30419413
30448037
30502761
30521489
30564046
30616178
30629253
3069429
30764186
30818918
30850287
30885057
30927071
30953541
30956940
309964
31106547
3114475
31208159
3125904
31322089
31344294
31410513
31460755
3149449
31587091
31639517
31687471
3175956
31786762
3181606
31906331
31923485
3192987
31976266
32034982
32079125
32104397
32137005
32166298
32182572
32203040
32232605
3224235
32310721
32332642
32357795
32399379
32427215
32446940
32461864
32479235
324985
32505934
32533210
32567407
32632538
32651977
32731947
32739388
32777313
32794630
32808027
32834215
32882863
3291848
3293934
3296177
3299865
33046639
33075946
33119850
3314133
33185377
33263136
33314734
33329835
33374862
33397227
33453737
33499067
33546582
33567291
336330
33670015
33718145
33769933
33809621
3382195
33854851
33893138
33955440
339856
34034770
3405574
3411081
3415463
34202547
34217961
3425475
3430789
34336359
34382546
343996
34430212
34446334
34482253
34531285
3456296
34582928
34623357
3468420
34706545
34776974
34809191
34839383
34881325
34928899
34971364
3510405
3513191
35148114
35185761
35211795
3523632
35263104
35297180
3536819
35448780
35482585
3551455
35550196
35564219
35604995
35640235
35686068
35720847
35757620
3580492
35827335
35844242
35888585
3590271
35957836
3603171
3604595
36073969
36107965
3616673
36250547
36284770
36345024
36371940
36404681
3644569
36476378
36490910
36558220
36572602
3661343
36649267
3669065
36765917
36807893
36819131
36857422
36882032
369176
36956708
37063452
37125392
37136454
37151000
37208641
37256706
37286678
37318294
3742298
3743505
37475020
37507175
37629393
37656718
37712296
37728390
37796696
37816257
37871055
37984143
3806452
38092182
3817774
38218145
38307113
38321655
3836962
3842880
38482121
38562009
38588220
38639709
38705594
38716513
38781549
38846457
38917208
3894929
39005675
39063523
3910894
39161492
39197120
39229420
39269291
3933719
3935748
39380991
39411151
3943387
39472279
39525650
39570183
39694047
39727495
39772980
39831872
39886553
39905754
3993813
39997974
40049579
40073915
40132408
40167498
4021268
40235586
40292501
40325889
40404190
40492118
40538806
40563645
4060867
40672250
40733990
40762184
40780878
4085998
40910858
40977450
4103388
4106766
41115262
41152339
41250653
41263845
41294846
41324285
41348334
41371438
41406342
41460477
41505622
4159017
41633076
4167742
41742830
41772834
41822437
4189503
41939338
41971504
42032884
42054620
42098141
4215600
42186064
42250911
42271567
42324543
4238016
42441098
42457394
42537834
42572544
42615957
42647087
42676588
42691991
42751387
42774632
42792977
42854263
4291387
4298283
42987615
43017914
43077304
43098270
43142077
43193480
4327427
43306906
43356615
43368910
4340532
4346047
43504026
4354801
43569889
43682339
43707061
43792695
4384653
4390160
43952556
44007584
44064037
44130574
4416959
44212362
44253783
44308560
44343498
44431868
44446117
4449830
44525387
4459604
44637917
4470435
44767534
44829848
4484894
44920490
44976376
45011586
45098765
4514536
4522462
45254631
45334811
45384078
4544259
45471150
45502729
45526710
45615254
45681674
45705189
45732211
45805061
4584782
45926632
45953328
4597760
45997449
4603135
46057717
46065432
46116537
4614129
46223235
46256078
46334349
46396068
46413020
46449357
4646950
46524600
46547901
466142
4664478
466802
46713982
4673630
46789213
46847195
46898785
4694994
47017637
4705783
47121388
47149635
47184968
4726303
47311500
473362
4737996
4741942
47442408
47492058
47506301
47577389
4759439
47718426
47773974
4782751
478661
47921185
47973088
48053234
4810310
4812472
48175620
4820146
48260005
48337544
48363025
48401967
48427914
48451041
48500629
48544726
48581176
48609929
48641480
48688888
48773112
48789600
48864005
48891106
48961876
49018474
49057615
4908338
49126308
49206166
49250409
49354052
49384652
49429638
49472222
49493793
4955657
49610798
49656131
49679586
49733838
49778000
49850704
49894985
49929380
49952701
5003951
500697
50105259
50118546
50154902
50185885
5022064
50276657
50371312
50429558
50459141
5054231
50560378
50600325
50677285
50726401
50753889
50842364
50866545
50887250
50950973
51015648
51046991
5109749
51161341
51247796
5129094
51307016
51379345
5144132
51451752
51512653
5158290
51677030
51719162
5175291
51772967
5184704
51861689
51934971
51958035
520146
52040340
5208822
5212656
52148204
52227745
5223349
52371323
5243160
5244445
52478731
52522585
5258499
52610929
52632533
5265087
52774196
52804523
52850323
5294661
52997044
53036530
53084625
53169994
53225573
53275454
53297769
53354223
53431695
53478785
53510819
53561724
53590096
53649949
536958
53726669
53823931
5391743
53966381
5402462
5405932
54086678
54110401
54175321
54218417
5426219
54298946
54417824
54478052
5455433
5455474
5459107
54636367
54712998
54785866
54854368
54898732
54914992
54976745
55091967
55123394
55151975
55209260
55246521
55332367
55402141
55493271
5551767
55576588
55673705
55726733
55834606
5590873
55965971
56003224
56027154
56074333
56108213
56153614
56219850
56258575
56323969
56354946
56433446
56533838
56582318
56611216
56670
5668425
56718024
56736842
56765949
56855940
56949753
57061988
57079254
57110085
57191077
57251243
5732934
5740378
5749899
57803948
5793618
57960070
57984189
58107893
58148640
58194180
58223375
58279246
58311295
58336236
5839179
58435528
58555246
58644242
58730569
58766030
58881448
58940073
589869
59044564
59115248
5915204
59216067
59325776
5947247
59553354
59640829
5973732
597631
59838788
59952554
59995075
60073889
60127046
60178690
6022685
60259028
60344998
60379785
60432093
6051489
60561103
60598401
60648780
60701247
6074181
60780272
608316
6090885
60930425
60979397
61105758
6123097
61282525
61415194
61520679
61566208
61623700
61691853
61706237
61744742
61803076
618492
6187281
61947614
62021204
62079412
62138020
6215833
62244807
62262439
62342369
62422842
625665
62607150
62638166
6269725
6275822
6281707
6290993
62959750
63061526
6311816
63173414
63270256
63372616
63414254
63499588
63545071
6357227
63689153
63707572
63837927
63898559
64004196
64095208
64193956
64247174
64304762
64340716
64371551
64439009
6448810
6454766
64608558
64719557
6476959
64790683
6489406
65041301
65084302
651333
65194280
65277100
65368111
65441815
6552338
65604083
65708035
65800867
65927678
65963317
65980850
66020851
6603193
66060256
66136602
66210591
66266995
66291451
66343128
66551974
6662839
66676274
66786740
6684980
6691222
66951768
67019969
67046748
67078673
67165904
6725438
67281621
67392510
67461402
6752107
67593323
67680403
6780534
67832483
67869571
67934497
68029136
6808742
68118219
6822394
6827663
68379040
68459222
68581045
6861229
6863498
68664213
68736330
688360
68935766
690050
6903417
69207015
692484
69284281
69356520
6937573
6944525
69469299
6959258
6963527
6966619
69711339
69732850
69858273
69984723
70062587
70140762
7015517
70219747
70246517
702991
70374047
70470785
7056723
7072487
70778375
7081691
70904435
70932660
7102335
71078377
71119502
71151164
71183878
71227768
71292480
71369123
71434550
71493045
71561927
7164335
71704018
71791406
71840517
71868774
71947971
72001417
7212262
7218024
7220231
722432
72366767
72436214
7249073
72580689
7263059
72700804
72736755
7276954
72816730
72847871
72907253
72975293
7303047
73087334
7316492
7321072
73270880
7334654
73391049
73473909
7352878
73620856
73733927
73832768
73930305
73963835
74042107
7410462
7416235
74169930
7420937
74285105
7437073
74401462
74491626
7455819
74617406
74704643
747707
74843923
74903768
74950506
74999474
75118280
75169335
7530419
75383441
75643631
75735839
75793136
75865158
7589324
75939912
75974381
76028699
7612313
76177416
76228719
76278501
76307760
76375829
76400426
76474200
76588998
766240
76667858
76684401
76713852
7687890
77008449
7707976
77143465
772158
7728562
77317748
77389964
77435673
77481567
77541577
7767145
7770259
77796833
77831813
77936449
78055963
781084
782257
78291176
7837044
78420352
78477907
78622784
78735130
78768320
78808033
78859100
7891564
7905539
790859
79124323
79203986
79246257
79304189
79350640
79436157
79497496
7959279
79666748
79709403
79741030
79943898
8000878
80046613
8015168
80196099
8022939
8025185
80352586
80380022
80451996
80501529
80550971
80605895
80643997
80717362
80822758
80874891
81002077
81052983
81102463
81128415
8116816
81201370
812511
8135809
81391569
81436550
81467673
81569594
816192
8166928
8175611
81880059
81928401
819907
82035099
82177245
82291828
8236056
82448747
8249432
8262365
82675377
82764073
82854849
82906551
83002023
83137916
832025
832679
8333478
83562545
83664920
83766696
83850760
83938778
84059135
8410721
84190084
8428305
84313991
84372863
84439902
84487370
8455875
8467178
84750226
84838073
84880723
84974822
85088788
85172071
85242760
85416613
85541447
85673672
8571000
8575948
85794642
85838297
85880302
85987914
8608977
86107810
86221285
86278665
86321843
86369859
86422172
8648747
86653231
86707239
86760618
8686380
86918234
8701655
8714569
87225655
87317435
87392130
8744004
8752400
8757198
8759133
8772570
87839153
8786725
8791847
87972852
88127865
88178114
88242107
88319793
88406700
8849911
88621169
88676590
88777477
88831074
88944428
88978812
8903055
89109684
8914350
8920316
89220387
89233128
8927606
89412712
89524112
89588723
89644636
89684482
89762510
899555
9001689
90036492
90096766
90153418
90226261
90329901
9040104
90446318
90489106
90643804
9067712
9078409
90798624
90881605
90936492
90985502
91066791
91155672
91247102
91367377
91470090
915029
91571398
9158616
91674936
91730068
9178484
91855710
91956337
9198697
920690
92120027
92225522
92283185
92377986
92486066
92536940
92620072
9272724
92768732
9289335
92924762
92951080
92982984
93055348
93167847
93268041
93310060
9340593
9349244
93584385
93627493
936567
9373411
93861612
93951167
93992855
9408774
94222613
9431801
94459145
94549931
9463479
94742091
947990
94914141
95005676
95094994
95222532
952585
95357887
95449551
95467898
95534270
95594455
95657746
95800582
9587486
95946882
9602474
96066104
96120606
9617158
96331237
96455695
96507559
96518561
96556656
96609869
96760451
9685461
96952895
9702026
97047427
97111736
9721255
9730186
97442158
97518356
97570753
97620
97642523
9775946
97822421
98013453
98103322
98184950
9821876
98391407
98480042
98605274
98801926
9884445
9897034
99087385
99149191
992007
9922058
99313507
9941578
9949199
9965237
99694869
9977431
99995945
