100069523
100135378
100280380
100361171
100394760
100417935
100470837
10057936
10064418
100683024
1007836
10085184
101035547
1011634
101228354
101380382
101436299
101477481
101637037
101735230
10192655
102014366
102083574
102137829
102229956
10230369
102444259
1025030
102597994
10264172
10275891
10283615
102874374
102955709
103023961
10306448
103151406
10325227
10329015
103384901
10354997
103602142
10361643
10367500
103728471
103962048
104078932
104141049
104169114
104262301
104398040
104512497
104583079
104670115
104718330
10476504
104872758
104974693
105032211
105089121
105110479
105203803
10522120
105284146
10548179
105551486
10564509
105692222
10585052
105940648
106015269
10609316
106200322
106371845
106459277
106559436
10667695
106807349
106817657
106921925
107019647
1071043
1071767
1072630
107370456
10741477
107465031
107515570
107559907
10761704
107676801
107765383
10785687
107914762
108043571
108101992
1081991
108452902
108563514
10866521
108833646
1089149
109051447
109141516
109219866
10932418
109361137
109394368
1095208
109644809
109754092
10981994
109902579
1100144
110121462
110329589
110417923
110547066
1107344
110937663
111026852
111096014
11136641
111433118
11152828
111640979
111690131
111789186
111832512
11194069
11206901
112121863
112199510
112332641
112428883
11254311
112703947
11286308
112947883
11304836
113164027
11324849
11337147
11341720
113508911
113585452
11367662
113726044
11384368
11395286
114161796
114273718
114418594
11451879
11459376
114630871
114688767
114777829
114859883
114983680
115041372
115198687
11527775
115411826
115495336
11556529
1155961
1156136
1158315
115942239
116057862
11613195
116163042
11629470
1163806
116500263
11656984
11662606
11668780
116761172
116932005
116999027
117054584
117093610
1171506
117251051
117292444
11738699
117550735
117664267
117845334
11797725
118006325
118151375
118253061
118326890
11845993
11851236
11862260
118781792
11880356
11896265
119080111
119170338
119369247
119475284
1196095
11971122
119759931
119873830
119930717
120003293
120074273
120272671
120363922
120471283
12057541
1205842
120684055
120778005
120905144
121075789
12117077
121247108
121349361
121507913
121651800
121984024
122146857
122426223
122467588
122514469
122577034
122685352
122753171
122905230
122954189
12299144
123152853
12319410
123284439
12343833
12356701
123681471
123808995
123970806
124093107
124230133
124364226
124503196
124624258
124765869
12483976
124863824
12488647
12497963
125078412
125115294
1251856
125255822
12537665
125471878
125513144
125578728
125639419
125705175
12578911
125837419
12591138
126002586
126250036
126365965
12652086
126590345
126711206
12686435
126941683
127063666
127330859
127407755
127471055
127577048
127753126
127906050
12796207
128027255
128169626
128274093
128403104
12853082
128709824
128853331
1290826
129125498
129194897
12925113
129283853
1294371
129501565
12960439
129712230
129771138
129937852
130000911
1302098
13036109
130464600
130510170
1307005
130728684
13077546
130875206
131008831
131063406
131202949
13127985
13133836
131477673
131678192
1318639
131961644
132082566
132171799
132248956
132375056
132562896
132600378
132660065
132759831
13292939
133016017
133047162
13317929
133340671
13343738
13349691
133571699
133662794
133753413
133799133
133849229
133938603
134143184
134213856
1342891
134457882
134537813
134685359
134827539
1348716
13490595
135031416
135131303
13521187
135281926
13535208
135418301
135566897
13570618
135867
135944962
13601636
1361792
136310429
136439284
13651430
136564461
136645456
1367811
136936588
13702023
137178358
137437971
137522340
13770184
137746205
137794579
137988099
1381837
138267988
13853693
13867926
1387559
138890589
138952078
139051087
139102120
1391650
139299365
139621153
139729058
139914932
140008964
1401298
14029306
140540897
14066577
14082560
14104548
141102600
141267788
14135467
141402922
141492069
141573898
141671109
14176513
142015901
142101199
1421692
142377858
142735552
14277656
14285346
143054055
143152220
143269609
143344440
14366444
143705035
143813238
143854187
14393731
14398404
144143524
144309611
14444698
144585798
144712336
144786483
144974148
14505280
145104488
14518795
14528678
145393952
14561598
145737537
145861384
14591946
1459953
14611005
146177746
14631775
14640193
146535797
14660359
1467919
14696091
147088517
147163148
147334432
14741882
147527545
147606002
147673645
147802356
14792686
147968892
14807800
14829187
14841479
148473211
148614148
148710969
148862443
14892248
149123005
149270308
149351086
149598464
149637214
149663208
149714580
149780295
149943347
15008570
1502367
150309255
150407753
150470825
15057951
150677892
15070665
15092109
15106392
15120144
15132790
15138385
151477580
15162009
15197084
152085711
15221298
15227263
15253562
152714817
15284049
15292023
1529695
153085231
153155267
15326235
153312678
1535924
15365897
15374337
154016270
15416636
154382730
1545929
15475337
15496005
1551432
155277206
1553784
155476310
155618699
1557148
155893423
155931552
156101856
156317154
15655130
156643363
156776643
156879211
156962326
15717111
157290915
157413720
157564875
1575956
157791342
15784931
1579610
15801589
158088669
1581656
158250453
1583138
15841325
158468074
158547266
158704131
158975124
15912903
159218865
15939233
1595052
159537834
159691519
15994370
16004885
160156999
160260778
16037437
16050719
160731309
160877396
160919607
160996
161032188
161169958
161296037
161378406
16148181
16162461
161651256
161757837
161828855
161959832
162030403
162236965
162388276
162537587
16261234
1626780
16283971
16293572
16310572
16319386
16338837
163468664
16362479
163648692
163795687
16389681
16395045
164049286
164098851
1642369
164308818
164404731
1644585
16451749
1645877
164700318
16477702
164891999
165007814
165063056
16525446
1654390
16563359
165758293
165868248
16597144
1660918
16630721
166387176
166515022
166615086
16677474
166956579
16709732
167169496
16727992
167431476
167594750
16777411
168063420
168378794
16842589
16863086
16885508
16900555
169102492
169215839
169318041
16945217
169625797
169709790
169777604
169872920
170116597
17034170
17049428
170565218
170682516
170887039
171116174
171326919
17146973
17169550
171867537
17203543
172187
17234441
172494483
172695826
172743796
172865576
173075460
173228436
173335706
173409096
173534034
173756598
173952800
174065041
17416853
174291606
1743159
1743723
174508778
174687251
174912621
17505473
17517472
175358739
17547888
17559168
175804011
17592978
176137170
17627031
17651735
176724609
1767747
1768307
17705626
177177812
1772628
177503596
177672258
17787462
17801020
1782556
1783086
1784308
178503192
178760528
178922614
17905830
179494421
179549243
17960746
1797376
17990464
18023059
180526285
180773046
18097626
1810897
1812602
181400274
181445409
181519091
181683494
18188420
181997557
182082980
18222972
18249859
1827687
182984652
183214896
183382045
183462598
183540010
183646665
18373842
183916330
18394987
18406709
184219031
18433849
184471389
184569540
184611677
18473213
18500436
18516668
18525371
185368847
185576294
18568629
185821779
18610267
18627126
186361323
18644701
186642789
1869419
1870998
18749200
187590023
18774289
187811141
18788616
188055485
188223092
188279001
18830782
188534881
18864134
18871700
1889681
18907185
189204070
1894664
189605649
18982942
19006562
190197552
190294
1905463
190664284
19069584
190938308
19116210
19143929
191586445
191807118
192201753
19253642
19260634
19276770
193065376
19312763
193272759
193537999
19367053
193855481
19408279
194333585
19455304
194663163
19480672
19492803
19518566
19525958
19530423
195429957
1956196
195808004
1961837
196320779
19668829
19691579
197111529
197192301
19733248
19748926
19777812
19786369
19810546
19818273
198238470
198355705
19851429
198857750
199027540
19932015
19955501
19975898
19995362
200062847
20043683
200539506
200703047
2008119
2009635
201080381
201194795
201285390
201347287
201612522
2017533
202008893
20216746
202361279
20248084
20256705
20289822
20323152
20337377
20357183
2037955
203966607
20432793
20444986
2045140
204657216
20499820
20517345
20530820
20551894
20570214
20576090
2058044
205889879
206137428
206303197
206341
206364
206402
206427
206452
20647901
20660910
206662517
206873260
207067400
2073724
207497806
207822084
2080454
208221849
208320365
208698479
208900041
20898148
20916592
209459144
209630794
209775117
209854470
210029529
21019797
21048299
2108481
21099161
2111687
21138894
21180741
21190869
21217047
21235372
21252787
212625733
21285858
21330228
213353848
213594368
21366948
213770342
213896494
21404821
214396571
21462033
214933909
215257930
215496017
215605392
21580302
215941972
21611038
21631528
21654705
216898288
21695652
217275258
21741891
21765334
21775167
218062029
21833183
21859706
21871478
218912806
21910720
219255094
21942754
219701790
21977200
2199098
220248572
22045363
220952727
221147168
22130432
22175720
222136267
22248638
22253918
22266761
22292873
223355
22344826
223850259
224018018
22417216
22430702
22441114
22475760
225164634
22527647
225545609
22584111
226116772
2265146
22693515
227144695
22750538
22789601
2280644
22824768
228330020
22876447
228976248
22930887
22944804
22964867
22981257
23003065
23040996
23054806
23068086
23088989
23112526
231329990
2316136
23175652
23227907
23237318
23260390
23292541
23319185
23343072
23358011
234031371
234365176
23466307
23487016
234994470
23505879
235577942
235957092
23615757
23634371
23680695
237265610
23744385
23783621
238088467
2383782
2389245
239132730
239499581
23963494
23995230
24016861
240464
24049909
2408807
241153419
24155908
2422006
24272313
243312367
24350958
24384638
24394186
24416383
244419190
24477567
24499046
24542374
24581892
24634425
24651738
246630390
24680874
24716200
24750302
24771298
2478263
24811435
2485432
248826224
2489042
24920193
24968217
24989037
250091476
25032213
2505794
251049092
25130368
25151720
25205317
252293371
25259107
25344951
253595061
25397566
25434873
25461792
2550825
255633533
25582637
2562371
256285632
25688387
25722021
257335962
257682134
25857692
25884252
25900801
25927306
25968648
260172508
26057756
26088996
2611961
26136655
26170170
2618757
2622978
26262349
263047969
26323526
26402719
2641714
264503046
26486958
26525416
26558278
26593878
26629839
26649305
2666662
266937709
26727748
2675355
2680621
26845372
26862250
2689039
26917572
2694049
26956394
269759605
27030629
2708789
271229375
27147147
27195248
27224427
27287531
2737689
27403772
27416566
27490105
2752522
27570630
27609596
276256
27683112
27728683
27785546
27812454
27842515
27883327
2792886
27984970
2803695
28074878
28138406
28174434
28190686
28275464
28312494
28344352
28407415
2846293
2854377
28560583
2858655
28665076
28738447
28758096
28776939
28822832
2884524
28874374
28901545
28963937
28972983
2899580
29034817
2907398
29127570
29161545
29201308
29248824
2930574
29350019
29397245
2945916
29480568
29523538
29603580
2964129
29740235
29748148
2978404
2988101
2988721
29898124
29917329
29929519
29961332
29974632
30000823
30047349
3010630
3016145
3020895
3026246
30330883
3040093
3041887
30438494
30466015
30520538
30562287
30607695
30621232
30657069
30761550
30806608
30840080
30883458
30923249
30952948
30956939
30977962
3110085
31142024
31202652
31234709
31306104
31334852
3139136
3145735
3149437
31564630
31634402
31685450
31758882
31785239
31789636
31855721
31911300
31924590
31962976
32025244
320690
32098238
32135981
3216014
32181228
322018
32223919
32238204
32289221
32312233
32354897
32398593
3242289
32445517
32461606
32472801
32492849
3250434
32525992
3256677
32578
32648170
32714807
32739177
32771134
32790911
32803313
3283313
32870652
32913234
32935745
32957224
32976823
33030494
33053133
33100783
331375
331792
33245536
33297716
3332790
33368284
33385755
33442556
33492382
335218
33559545
3362935
33653374
3370128
3376848
33782165
33821709
3384018
338815
339284
33978966
34007506
34044841
3409328
34138670
34198359
34216921
342505
34306730
3433581
3438153
34387597
34411308
34445488
3447638
3452904
3454599
34579789
3460824
34667720
34687793
34756186
3480699
34824538
3487509
34915498
34966186
35031753
35126599
3514413
35185022
35206972
35230855
35256352
35282952
35358657
35402802
3548254
35511757
35542092
35558163
35602142
35632860
35680131
3570915
35728528
357827
35824715
35841129
35882684
3590026
3595727
36020033
3604591
36068726
3610576
36165669
36211133
36283221
36303657
36371585
363849
36429443
36461471
3649012
36551934
36572522
36603494
3664810
36664864
3674743
36793280
36817565
36854237
3687614
3691193
36954340
37007492
3710234
3713238
37149914
3720150
3724388
3728381
37310376
37421395
3743376
37462781
37489990
3756907
37645458
376975
3772264
37791069
37814227
37853715
37930526
38044291
3808230
38174524
38215053
38271397
38317187
38357506
38424145
3847504
3854292
38578729
38608269
3869967
38710494
38755419
38835213
38883479
38946154
3900538
39038703
39092083
39160554
39195736
39228827
3926525
3933009
3935296
3937799
39392321
3943003
3946094
3951979
39542036
39683376
39727052
39770930
39800375
3988459
39905749
39924219
3999381
40029062
40056997
40115035
40162365
40189580
40234691
4026983
40321883
40396716
40457462
40536165
40563017
40605386
40667226
40714460
40753051
40779062
4084995
4090170
40976537
4101951
41057956
41104075
4114800
41247722
41263775
41286649
4131741
41348333
41371218
4139627
41458986
41505521
4157021
41630081
4166277
41741864
41767364
41817706
41892061
4193864
41963293
42019073
42050815
42089429
4214268
42182481
42219129
4226126
42304749
4237245
42427904
42452274
42525744
4256066
4260851
4263930
4265955
4269155
42742666
4276357
42785683
42847560
42899767
42949039
4298676
4300205
43075480
43092584
43140254
43186057
43258821
43300131
4335519
43367865
43398044
43430328
43502922
4353723
43568553
43645816
4368907
4376619
43832779
43901081
4393933
4399205
440622
44124366
44167878
44196774
44253742
44304666
44336879
44411821
44442208
44465166
44519815
44586882
44624009
44676582
44764619
44820217
44839265
44872273
44944683
44994636
45078096
45120221
45222397
4524453
45304947
4536629
45433519
4546424
45489240
45519303
45610821
45644056
45700808
45721011
45780307
45832751
45889273
459348
4597349
45991588
46007735
46045563
46065249
46113606
46134098
46204890
46251204
46324355
46368934
46407295
4643211
46464011
46506858
4654729
46573609
46621580
4665987
46709421
46727828
4678495
46804199
46855694
46931835
46981783
47053872
4710920
4713588
47182929
47246081
47309610
4732484
4735878
47405371
47428395
474905
4750321
4757131
47585751
47708092
47767967
47810463
47850278
47892183
47972099
48046454
4808693
4812336
48174668
48199522
4823750
48321891
48360594
48394219
48418599
48446680
48485491
48536970
48577594
48584989
48638354
48688246
48711146
48789405
48849114
48887503
48911497
48992377
49031895
49078733
49122768
49203125
49236241
49339629
4937246
49420416
4946769
49483698
4955633
4959580
49652464
49678622
49730727
49763242
49818800
49876476
4992906
49950879
5002457
50068565
50104552
50109129
50151956
50179515
50205742
502666
50326811
50406544
50446559
50542309
50552134
50594316
50648882
50718765
5074598
50834437
508590
50882844
5094929
50999206
5104614
51083005
511297
5123943
51269282
51293539
51357073
51437409
51447533
5151102
51575637
51650903
51712220
51744006
5176685
51843899
51858172
51920891
51952300
520116
5203853
5208272
52113991
52145597
52212248
52232455
52316952
52409237
5244017
52460731
52518462
52565845
52609528
52628247
5265034
52732011
52800193
5284824
5291703
52972024
53019432
53073438
5312808
53222598
53265801
53291713
53336998
53430304
5346068
53502006
53528552
53584459
53645841
53691181
53723623
5380818
53877122
53950433
5402142
5405905
54082630
54102761
54149022
54201244
54252267
54297956
54371579
54455350
5455271
5455458
54587242
54620819
54709439
54767260
54853773
54889602
54905500
54973527
55090874
5510832
55138951
5518934
552448
55321773
55391726
55442225
55516736
55560812
55668012
55719869
55814679
558963
55955301
5598875
5601676
56061422
5610434
56136555
56214716
56258294
5632139
5634637
56423934
56527099
56572755
56590318
56667109
56679521
56717384
56735986
5675901
56853150
56904
57040975
57073755
5710819
57180498
5722110
57263576
57401572
574877
5770443
57926203
57951012
57972486
58089419
58144490
581866
58208693
58270602
58310582
5832036
58378593
5841522
585380
58628767
58712872
58760260
5887512
58921823
58972818
59021106
59078087
59146760
59199640
59288941
59419011
59521369
59626114
5970660
59744695
59834447
59929488
59981531
6002930
60111626
6017453
60201162
60244312
60299559
60377070
60416700
60469447
60536546
60586822
60648293
60686962
60737153
60776569
60802987
608843
60923411
60963516
6104876
6116698
61250412
61372044
61508446
61565876
6161685
61690323
61705166
61731745
6179800
61826847
61872305
61942185
61996222
62054952
6212860
62156481
62209334
62253355
62313135
62391407
62553999
62579712
62635030
62695979
6271421
6280863
62872951
62945885
63055881
63107687
63166161
63251719
63353944
63394793
63481746
63543726
63559666
63602831
6370211
63800550
63895649
63972047
64067562
64185596
64226557
6426667
64339521
6437134
64431348
64487983
64537232
6457784
64692993
64767540
64785879
6488635
6500041
65077465
6509909
65185727
65266635
65356302
65402989
65507705
65582397
65701037
65776167
65855862
65947212
65977170
66000206
66030306
6605842
66080823
66192759
66259813
66285950
663418
66541104
66622989
66666501
66772740
6682435
66888160
66940520
67013967
67041316
67075821
67148625
67216543
6726370
67350976
67458870
67498438
67588628
6766558
67794596
67827813
67841511
67913797
68020885
68042196
6810283
6821657
68273151
6833345
684382
68539843
68602823
68632639
68661482
6872642
68813569
68901259
68967191
69031608
69105460
69239703
69277020
6935442
69371441
69403823
69468148
69571507
6961882
69664789
6969798
69727127
69807495
69946649
70038531
7010724
7014975
70198875
7023911
70295212
70371145
70444046
70515197
70711909
70772509
70809374
70868306
70921758
70996010
71073678
71103781
71135101
71171131
712229
71268678
71366567
7139471
71492242
71550858
71636870
7170387
71779309
71833308
71849550
71924391
71982467
7209229
72159384
72189814
72241120
72322767
72428844
72479874
7257232
72628208
72695594
72735946
72740687
72815283
72846258
72889410
72975288
73013368
73085073
73109468
73209796
73266969
73330288
73380577
73430564
73486254
73552352
73711911
73807729
73899453
73948366
7403873
74092790
74151777
7416746
74192763
74278300
7436396
7438954
74458764
745456
74616657
74675066
74765344
7482468
74893299
749137
7499734
75085823
75165297
75277003
75375279
75626745
75718771
7576522
75863657
75882172
7593542
75960287
76003412
76112580
76169459
762097
76267363
76284858
76346666
76393276
76436183
76563439
76604873
766548
76684377
76684614
76877282
77005273
77066767
771158
77196845
77243612
77316924
77385607
7742400
774658
77496717
77671214
77700697
77769341
7783162
77859095
78049515
78089297
78224452
78267831
78359015
78418280
78464881
7859424
78706143
78756993
78797738
78846472
7891529
78969853
7908045
79112912
79160472
7923123
79304145
79350243
79434101
79496898
79564911
79638652
79689164
79736675
7983535
79994161
80043676
8010626
80192374
80228150
8023268
8033805
80376233
80403715
80497637
80550868
806019
8064341
80652674
80821553
8087042
80993243
8103494
81092547
81125398
81166660
81186751
81226206
8134070
81385470
8143599
81465478
8155767
81617098
81654664
81745315
81824082
81920458
8197357
8201494
82155862
82282677
82348984
82427374
82480345
82604742
82671449
8276360
82821845
82903968
82982240
8313187
83193705
832676
8328088
83457980
8366048
83753680
83845804
83932318
84008299
84104620
8417769
8427412
84311940
8436798
84427866
84473688
84521629
846296
84742920
84791542
84871568
8497273
8504385
85168745
85239682
85416181
85497373
85662445
8570603
8575137
8578424
85830116
858685
8595333
860694
86106666
8621768
86269383
86312760
86339121
86418271
86467203
86651310
8667914
86734489
8682860
86897360
86993832
87095183
87220385
8731044
87363270
87432809
8751650
87556817
87590916
8771890
87826047
87859908
87911627
87969126
88115454
88152958
8824082
88286191
88403146
88485241
8859474
88657105
88765628
88820221
88873634
8896307
89024696
89108465
89139973
89198062
89217740
89231271
89259438
89335647
89507222
89576260
89630500
89679757
8975145
89879438
90011594
90026142
9004636
901534
90217436
9028249
90393998
90442475
904873
9054533
90675730
907274
90798597
908709
90917301
909809
91054623
91121306
912291
91349782
9143933
91496363
91552889
91584792
91663814
91725602
91779577
91855299
91952715
91984923
92062193
92116596
9221446
92269851
92375988
92469890
92515991
92615561
9272141
92755785
9283641
92919239
9294731
92980167
9303702
93131587
93201544
93307435
93389699
93475299
93520200
93611636
9365128
93714543
93782049
93878516
93984344
94076429
9421507
94284531
94457960
9454656
94631072
9467906
9478484
94876874
9499422
9509407
95211078
95247959
95342834
95448925
9546194
95525322
95591183
95646670
95789248
9583260
95924484
96021764
96060769
96114330
96123627
96242277
96423563
96503957
96517640
96556232
9657943
96755147
96845301
96925861
97011177
97034221
97106222
9714608
97291552
9737832
97492141
9755019
97598061
97638785
97738923
97805491
9800160
98085592
98175571
98204210
9836833
98459144
98556534
98797746
9883230
98887914
99034741
99116944
991965
9922054
992971
99413042
99486588
99613808
99686575
99742967
99890719
