10005385
1001284
100262257
100360236
100394036
10040960
100470026
100566396
10062583
100679870
100758796
10081109
100955538
10113030
101184471
101264271
101422199
101466853
101634406
101732174
10189028
101989943
1020601
102096357
102170678
10227537
102415104
102471968
102596286
10262572
1027501
102814088
102874275
10294926
103009179
103047907
103139287
103232734
103289349
103377081
103522601
10359213
103616209
103674706
103700346
10385460
104025215
10410163
104154908
104249541
104355653
104490112
10455939
104654714
104718236
104750793
104787715
104892792
105010160
105081364
105104598
105200994
10522064
1052717
105357633
105537880
105585951
105686726
105789039
105876502
105995602
106082622
10617959
10624930
106416016
106559097
106668916
10676833
106816063
106872676
106984925
107103226
107165228
10726093
107330274
107386062
107457897
107511723
107554429
1076159
1076632
107740230
107839447
107884359
1079636
10808572
108181481
10837431
108542665
108649340
10873724
1089023
10899610
10912209
1091966
109294216
109339072
109377658
10945339
109554428
10974543
1097987
10989097
109999895
110117973
110211147
110390408
110526820
110719900
110837893
110995785
1110934
11128472
111418574
111517878
1116314
111680003
11178914
111825535
111915134
112050324
112115759
11219096
112291646
112424920
112465036
11267509
11281607
112945272
113003835
11309044
113231746
113356740
113416930
11344750
113564534
11362688
11369509
11383343
11392749
114157177
114263933
114408926
11450329
11453959
1146205
114670580
114775425
11480369
114949862
115029573
115077083
115276927
115379439
115451647
115558016
1155836
115611046
1158118
115869675
11602449
116109482
1161604
116243444
116324279
1164974
116565956
11660383
116678593
1167439
1169309
1169697
117021824
117088815
117143344
11724937
117291995
11736323
11754395
11765760
117755974
117965972
11799054
118132535
11821201
118323013
1184582
118497841
118602757
118768968
118799500
118885653
11904180
11916042
119281902
11943595
119583553
119702819
11974846
11985762
11992364
11997640
12006992
120205336
120339465
12046384
1205446
12058287
12067623
120761297
12085714
121058856
121153885
121236494
12134164
121473558
1216286
1217322
122105687
122369264
122461562
12250309
122573764
122638182
122751554
1228775
1229527
122968674
12314259
123189523
123235
123415889
123532974
123664565
123806317
123960848
124063585
124201472
124316286
124447570
124578706
124743561
12481904
124862112
124882400
124938636
12506813
125110164
125157861
125225914
125372344
12544638
125508132
12555873
125627767
125691541
125770258
125830136
12590126
125985734
126149876
126354357
12650679
12652963
126705523
126844782
1269176
127047174
127163887
1274071
127468887
127565224
127727728
127900860
12793012
128022542
12812578
128272183
128393918
128527927
128639728
128830029
12903179
129118555
12918104
129250921
129274227
129428289
129498280
12959153
129699491
129769092
129892661
129984910
1302095
130327993
13040953
130509793
13068300
1307227
13075200
130821838
13095397
131061409
131139519
13126412
1313372
13146848
13160719
13185812
1319605
132033525
132161673
132241610
132370832
132454935
132587382
132634193
132743903
132873186
13300550
133030793
133151090
13325401
133386452
13348306
1335544
13363729
133752946
13379760
1338456
13392416
13414290
134164777
134287037
134450682
134505330
1346655
134795070
13486910
134901201
13501496
13512175
135205277
135270285
135337255
135401010
13554015
135694690
13580866
135928914
136013354
136173345
13630800
136437189
1365016
13655913
13660977
13675190
136895157
136978154
137085185
137390788
137451403
137570946
137736536
137793178
13796699
1381673
1382471
1384929
13865967
13873695
13886663
13893381
139009007
1390800
139143101
13928240
139520942
139713744
139898859
139959854
140083500
140269650
1404666
140631483
1407946
14094143
14109623
14117014
141304234
141384267
14145875
1415645
141633330
141752763
141896179
142085119
1421658
14230404
142603842
142763963
14281911
143049657
143127772
143267111
14333932
143445981
143692325
14377751
143847547
143926791
143965831
1441134
14426728
144435698
144561165
144699297
144749542
14496551
14505236
145101610
14514251
145264090
145392451
14550159
145711148
1458461
14587858
145960323
146066191
14616420
146294560
146397561
146525109
146582041
146691974
146941185
147038962
147162839
147324963
147378679
147522483
14759829
147637805
14778255
147922185
147965914
14804125
148223447
148404302
148458099
14858974
148707832
14884127
148918310
149088809
149263873
149347972
149579497
149607740
14965293
149708915
14975201
14989619
14997161
150186815
150308585
15040596
150434337
15057896
150673713
15070662
15090793
15106163
1511246
1513115
15137397
151476055
1516026
151822173
1520524
152163398
152245376
152415097
152655369
152814648
15289581
1529681
153061118
153153932
15322987
153280357
15353990
153620926
15373368
153963082
154137427
154302277
154520
15472368
1549503
155078306
1552601
1553760
155449545
1555964
1556938
155886348
15592774
156083116
156298013
156459372
156613410
156757718
15684181
15695680
157118635
15728671
1574061
157534574
15758326
157765359
157848372
157945047
15800167
158084770
158136158
158213242
15830023
15841047
1584558
158546420
158618423
158831879
15904020
159208572
159332324
159473524
159519764
159658644
159894918
160013598
160148747
160239455
160357704
16047008
16058167
160777074
16091126
16094148
16100959
16115996
161246688
16132708
161474325
16159416
161649007
161742535
161804680
1619254
16201889
162158820
162325477
162486600
162610309
162657830
162806930
162933940
163079637
163191196
163387337
16346614
163566292
16362553
163711177
163840922
163942355
16404471
164091262
164181730
164305542
164392211
1644461
164497122
16456789
16462032
16477640
164875108
164972617
165026546
165246320
16538895
165549674
16569959
165861304
165964380
166056144
166249209
166365902
16641539
1666060
166637026
16695331
1670551
167128801
167261547
167418760
167560273
16775240
167954168
168190985
16842086
16858994
168828077
16896558
169100341
169158153
169301877
16945152
169530455
16970593
16977479
16983824
169959995
17033876
170458565
170551715
170642298
170883666
1710792
1711467
171415041
171677657
17186399
1720284
172157587
172332638
172472737
172529766
17273013
172835741
172981843
173167316
173327149
17339218
17353005
173721564
173924701
17404938
174104865
1742658
174314296
174354196
17443465
174633794
17491095
175050767
175086428
175298978
17537838
175559661
1757703
175914805
176135637
17626803
17637707
1767164
176770877
1768217
17684716
17717497
1772396
1772983
17759402
177751597
178002723
178173999
1783085
178382654
178486098
178636495
178848687
179002056
17939962
179541399
17959600
17971683
17988451
179952747
18035587
180757477
180961537
181071001
181194375
18133301
18143415
181514613
18167513
181845258
181976854
18203743
182200911
182454442
18269132
18288221
18311299
18338023
18345774
183536958
18358222
18369848
183863609
183937162
184035533
18419894
184301969
184429237
18451768
18461065
18467626
18499671
18512985
185218009
18532549
185565206
18560435
185796725
1860892
1862492
186347363
18641766
186556620
18693684
18709657
1872106
1875775
187648701
18778871
187873041
18802764
18817575
18826763
18830104
188429680
1886360
188705852
1889544
189027594
189191730
189453445
189562861
18974940
18997610
190168097
190267909
190419065
1906557
190690143
190783541
19110630
19141372
191553604
19172100
192009782
192508383
19257422
19271154
193047220
193109862
19317653
19351480
193657959
19383958
194059614
194304228
19454960
194654807
194776722
194907949
1951088
19523554
195297601
1953808
19551343
19576190
196110471
19628709
196555066
19688946
1970932
1971919
19730456
19746703
197729287
19781635
1980382
1981819
198222234
19827565
198452291
19873472
198950692
199309560
199491032
199703640
199902324
200053873
2003641
20051204
200694582
200810412
2009311
201050057
201185153
20127629
20132937
20147131
20175098
20186852
20214352
2023409
20246038
20256052
202839292
20321029
20336406
20356428
20374886
203954530
20426356
20439978
20448696
2046220
20498194
205116498
20530482
205517727
205635067
205759200
205782720
20582138
206101640
206255831
206322
206357
2064018
206418
206451
206478
206574671
206635
206738246
20701495
20717348
20746753
207792901
208015762
20819185
208319207
208556644
2088736
208977660
2090979
209392510
209573855
20974631
209853
20991787
21019546
21032193
210579021
210939728
21112886
211330796
2117797
21187043
211971342
212338967
21248236
2125920
212816799
2129779
213344827
21357853
2136693
21375484
21388581
213981789
21432552
21458450
2148480
215203638
21548299
21556616
2157104
2158982
21600105
216231037
216526613
2168781
216947263
217172162
2173449
217587403
2177364
21797449
21825681
21858951
21867111
2188276
21910386
21921396
2193717
21967508
2197427
2198510
21996028
22042780
2209304
22104852
221245123
22169673
222008690
222455446
222530720
222578036
22289790
22323519
22342877
22384317
223957373
22412169
224256826
22441031
22460817
224855469
225211
2254694
225818900
226089680
22648109
22686950
2271327
22734513
227847226
227982692
2282376
228294148
2287347
228959889
22917907
22944796
2296450
22974847
23001404
230236469
23043801
23063531
23086156
2310387
23127683
231533573
2316202
23206290
23234361
23257998
232712706
23310687
23342644
23357238
233941256
23425317
23442872
23484534
2349728
235035304
23556341
235879795
23610469
236336373
23653549
23714731
23743671
23771701
23803268
23831132
23892158
23912550
2394379
23961325
23981303
24012863
24041094
24048150
24084730
24114062
24145690
24167016
2425139
2432524
2434719
24366887
2438993
24409108
244294736
24474053
244941906
24506674
24580061
24610319
24650339
2466190
246774970
24713325
24748638
24765223
247823
2480222
248529016
2488113
2488848
24917019
24961552
249855
2500369
25029544
25040346
2510313
25125959
25151498
2516145
2521501
2524488
253269900
25352070
25397479
25434304
25461048
25507370
255469961
25573964
25619981
2562751
25650668
25712818
2573331
2576181
25823015
25881432
25891103
2591797
259639325
2601600
26036945
26088168
2610204
2613332
26166898
26177368
2622727
26259891
26284658
26318789
263923665
264141019
26444805
26480183
265243047
265564812
2657795
26628954
26646135
2666578
26686976
26722690
26745548
267999301
26842265
26861802
26888367
26907542
26934626
26951044
26971627
27024702
2708082
2710254
27145359
2719141
27217073
27284166
27344072
2740148
27408825
2747986
27514348
2755429
27591666
27622439
27683023
27721932
27773224
27811092
27840419
27879839
279216
27984624
28002639
28071993
28129477
28174336
2818491
28214426
28305374
283325
28394156
2845921
2851858
28556746
28566133
28649714
28714528
28752850
28776576
28821307
28836678
2885902
28900548
28962447
28972188
28992330
29032693
29064349
291242
291570
29186921
29241103
29281445
29349453
29383909
29432931
2948043
29500340
2958704
29629640
29704282
2974683
29782400
29876931
2988715
2989006
29904381
2992799
29959880
2996995
29996210
30044052
30084378
30125753
30195197
30259183
30322187
30350283
30417900
30425951
30451130
30515411
30535152
30593072
30619741
30649762
30705823
30803699
30837244
30881048
30921794
30950312
30956938
30971059
31075855
3113319
3119164
31231846
3130403
31334576
31368772
314299
31482799
31561391
31622667
3165021
3173086
31784428
317887
31854274
31909123
3192456
31940141
32001142
3206489
32086270
32134387
32143635
32178402
32199982
32223373
32235391
32257863
32312076
32350084
32398211
32407177
32444134
32447381
32470641
3249257
3250009
32521417
32540624
32571376
3263787
32693202
327391
32753016
32790574
32802417
32823958
32866430
32895424
32935729
32954678
32975439
33024207
33053071
3308294
33135232
3315140
3319591
3328338
33324205
33360686
33383826
33403291
33470543
3352045
33547660
3360581
33645738
33683869
33766200
33779066
33816473
338397
33861662
33926359
3397224
33989963
34044469
3407162
34128918
34164637
34212608
3424353
34305209
34324443
34374370
34387413
34409518
3443799
34456739
34520372
34537449
34569996
34599551
34661048
34685800
3472718
34793185
34819120
34861263
34915443
34964793
35024150
35126129
3513261
35174991
35204051
35228936
35242391
35274833
35316975
35380608
35467512
35486799
35532096
35555582
35592576
35627039
35675774
35702140
35727196
35775200
35816813
358381
35880827
35897457
35952836
36014107
36044977
36057427
36096924
36161058
36185854
3628180
36297446
36370530
36378766
36419249
36456716
36487440
36524737
36564453
36600590
3662576
36658493
3672514
36790401
36816840
36840131
36873773
36906356
36953044
3699746
3706353
3713233
37148584
37181308
37239241
3728202
37299113
37418050
37428038
37447498
3748867
37523659
37632768
37672572
37720965
37788075
37813245
37826137
37879810
37987555
38080174
38152816
38195479
38261859
38311906
38347575
38417079
38443555
38503932
38569235
38597960
38680642
38710489
38743792
38830174
38882107
38943889
38958995
39013067
39091281
39158944
39183519
39215543
39255205
39314095
3934425
39376231
39385621
39427174
3945055
39513536
39530768
39676740
39726618
39764417
39793957
39875602
39894970
39922362
39970786
4001968
40055799
40111808
4016036
4018481
4023244
40266095
40317158
403568
40442532
40527870
40557971
40583917
40628209
40712527
40737618
4077804
40829542
4089097
40970642
41012501
41053417
41092630
4114494
4120901
41253781
41280112
41307987
41330076
41361042
41395725
41423327
41486933
41548314
41627638
41636618
4169493
41754174
41812613
41889031
41933697
41963016
41985966
42050188
42078482
42112681
42175803
42201162
42256650
42290369
42369667
4242485
4245170
42510870
42557838
42591563
42624467
42658356
42683316
42741668
4276349
42781657
42830433
4288215
42946549
42985510
42997858
43031095
43089983
43115247
43156715
43254843
43294683
43342956
4336113
43388015
4341250
4349381
43528666
43563629
43598554
43688721
43748389
43829671
4389698
43923787
43989661
44013289
4408504
44138404
44190749
44250608
44293742
44331166
44382767
44437701
44461272
44516886
44579325
446195
44659948
44750616
44804216
44838366
44871316
4494450
44987877
45028592
45111637
45170743
45239946
45276846
45357290
4541580
4546290
45489191
45510398
45600354
45639972
45692123
457158
4576305
45824158
4586516
45932568
4597158
4599064
4600110
4604367
4606342
4610430
46130071
46187719
4624158
46308509
46348026
46404009
46427562
46457181
46504855
4653065
46569013
4661744
46654747
46697033
4671935
46776191
46803767
46855060
46920047
4695732
47023603
4709330
47133978
4718003
47246080
47301462
4732208
47345553
47404616
47419635
47489502
4750298
47536480
47582051
47613863
47752557
47802308
47846388
47885608
47929285
4802269
48056143
48122737
48161197
48196746
48234412
48305884
4835576
48369985
4841075
48443654
48461129
48524181
48562236
4858466
486214
48675485
48709314
48788415
48812966
48880766
4889980
4898786
49026875
49071798
49115109
49199017
49235392
49317403
49362377
4941867
49461308
49475567
49529486
49574503
49632464
49671662
49717672
49743270
49812577
49875177
49904163
49945501
49979053
50056934
50092217
50107211
50140860
5017081
50205233
50250915
50309640
50380775
50436236
505113
5054237
50579018
50632308
50718196
5073742
5077412
50850904
50876997
5093728
50961051
5104280
51074728
51113763
5122021
5126482
51292541
51344857
514315
51447395
51501760
5155211
51621524
5171172
5173512
5176218
5181735
5185108
51909350
51949991
51989270
52030103
52081266
5210246
52143457
52192427
52231932
52264160
52404147
52435170
52453918
52509220
52531953
52597910
526150
5264970
52689062
5279341
5284141
52867190
52956887
53002524
53066586
53127403
532194
53251585
53291241
53330030
5342001
5346043
53501969
53518706
53577396
53615697
53690584
5372003
53789166
53859223
53940095
53976910
54042490
54069741
540945
54138284
54189483
54240230
542927
54370839
5445246
5449213
5455452
54584892
54601914
54671444
54755680
54830123
5487921
54904766
5495870
5502061
5509523
55133617
5517956
55231859
5529658
55380427
55416134
55504627
55524213
55638412
55707462
55800992
55884057
55954702
55986996
56008391
56039864
56099345
56132696
56200448
56249750
56278667
56342300
56365609
56442452
56551000
56587374
56649404
56678404
56703957
56730584
56748637
5683980
56890246
5704054
5706983
57096675
57126883
57202360
57261362
5734199
57461213
57613683
57921720
57942251
5797013
58086354
58142278
58181287
58207096
58236838
58301263
58317819
5837714
58415158
5853673
5861549
5869462
5874016
588395
58914927
58955752
59008509
59064722
59134921
591784
59282155
59412136
59507570
59571413
59703501
597431
59801168
59890339
59975597
60020187
6010090
60171447
6018023
60241390
60296811
6035195
60395071
60450885
60534182
60578004
6064729
60683863
60702089
60773713
60794667
60851319
6092163
60958121
6101685
61158193
61247013
61323364
61441349
6154058
61610584
61667990
61705055
61726276
6179560
61822650
618681
61882336
61971175
6205252
62117812
62155865
62177795
62250821
62303580
62384018
62535317
6257768
62614262
62640701
62711375
62793144
62839192
6293402
63002081
63096822
63163400
63251000
6332635
63380093
63468727
63534520
63553502
63583663
63693352
63796401
63894475
63947141
6405716
64177091
64210266
6426016
643234
643499
6441969
64458355
64529819
64565477
64658258
64751214
64774221
64873196
6493570
65071174
65089775
65158020
65259211
65349739
65398296
65505864
65559078
6563886
65751573
65853610
65946712
65975333
65993144
6602723
66055507
66076162
66187270
662539
66281816
66321621
66507191
66596294
666662
66750234
6682280
66866914
66920833
66977907
67037282
67059803
67114675
6719207
67262828
6733624
67436705
67497179
67585201
6764581
67777101
678267
67836913
6791064
68019127
6804081
68100913
68204996
68253152
6830643
68436985
68501019
68590674
68626098
68648922
68676827
6879138
6888625
68967154
69026532
69047858
69237460
69273058
69335089
69365079
69400326
6946733
69549126
69602447
69660791
69678968
697210
69791298
69926042
70037034
7010395
70147050
70189011
70232982
70282465
7033568
70442779
70515162
70629319
70767609
70781239
70856121
7091762
7095532
710733
7109191
7113288
71163137
71197756
71263775
71357459
71376921
71470246
71517454
7158649
71697731
71742185
7179680
7184464
71912078
71975377
72044729
72147803
72189499
72240906
72299435
72409631
72462669
72517914
72594605
726694
72728706
72737874
72805051
7283919
72868257
72967236
73006755
7308129
73103312
73191871
7324677
73314646
7337208
73420810
73482803
73545178
73690083
73785779
7386322
7393690
7403823
74091826
74149803
74164375
74189838
7422160
74351531
74387321
74431644
74537556
74581177
7465720
74740415
7481569
74877759
74909348
74972240
7506968
75164823
75269665
75368166
75608943
75693309
75753179
75856578
75879612
75920378
75955378
75990052
76099157
7616158
76209402
76238742
76279677
76341709
7638504
76431952
76505423
76600904
76641987
76684353
76684492
76773649
7700244
77034155
77110232
77168103
77239977
7731254
7735632
77405221
774619
77492072
7766448
77675033
77759012
77825195
77841232
78045492
7807584
7819929
7826526
7832943
78391996
78444970
78566008
78699707
78756665
78776301
78844772
78874371
78957876
79065628
79107120
79145090
79226461
79296222
79344371
79403493
79483816
79539593
79636769
7968744
79730209
79784019
7997879
8003571
80098624
80179724
80208107
80231323
80324891
8037199
80398085
8049046
8054843
8059194
80640282
80648908
80814228
80869640
8091481
81022945
8108578
811072
81160
81175234
8121707
8131104
81384608
81400811
81464583
81500686
81611630
81653189
81718052
81799714
81897811
81968413
8201183
8212556
82273737
82313272
82398873
82477856
82601803
8266524
82722869
82809641
8289370
82968973
83122389
83186903
83256557
83275514
834344
83615384
83751371
83838306
83904496
83988988
8406849
84142745
8426406
84302839
84320045
84398452
84466727
84506236
84616200
84721935
84765740
84863865
84916374
84985373
851175
85229098
85361423
854893
85618633
85692970
85713388
85780482
8582237
85866226
859468
86001819
86105877
86205415
862445
86291168
86331365
86400116
86461287
86607520
86663812
8672234
86808110
86897067
86987836
870849
87212987
87289313
8735938
8742308
8750145
87548125
87590893
87683712
87820447
87849739
87910456
87966671
88063304
88139536
88231534
88284952
88392053
884758
88544701
88651024
88715252
88794099
88860621
88962042
889932
89094025
89138130
89189554
89212553
892275
89252015
89322848
89485344
89562636
89617755
8967798
89738443
89856316
89961630
90020587
90045866
90140540
9020655
9025424
90375338
90406775
9048042
905232
9064832
90725839
90792480
90860455
9090323
90972254
91037889
91120647
9121658
9132656
91427887
9149127
91547699
91583905
9165045
91712296
91763900
91826174
9189077
91984043
92033442
921110
92184534
922501
92362395
9239473
92500825
92611668
9270640
92746837
92798552
92915376
92945138
92974732
93025616
9306260
9318794
9327555
93364077
93466587
9349893
93609439
93647440
9369619
93777628
93868467
93973957
940337
94165107
94269521
94393859
94524678
94627909
94646544
94758234
94876336
94987426
95081481
9519880
95247186
9530230
95380855
95459293
95493108
95563905
95635499
9577793
9580819
95919396
95959338
96048740
96094840
96122408
9623064
96367327
96480746
96516195
96553293
96577896
9667687
96831864
96914273
96973263
97029141
9708055
9713275
97286202
9731550
97490945
9754983
97580115
97621363
97669395
9779351
9797598
98080471
98171786
98203629
9836604
98410891
9854553
98709134
9882334
98885701
99030958
9910980
9917257
99203413
99287959
994088
9945428
99569378
99676748
99700466
99851447
